id	misogynous
2014	1
2015	0
2016	0
2017	0
2018	1
2019	0
2020	1
2021	0
2022	0
2023	0
2024	0
2025	0
2026	1
2027	1
2028	1
2029	1
2030	0
2031	0
2032	0
2033	0
2034	0
2035	0
2036	1
2037	0
2038	0
2039	0
2040	1
2041	1
2042	0
2043	0
2044	1
2045	0
2046	0
2047	1
2048	0
2049	0
2050	1
2051	0
2052	0
2053	1
2054	1
2055	1
2056	0
2057	0
2058	0
2059	0
2060	1
2061	1
2062	1
2063	1
2064	0
2065	0
2066	1
2067	1
2068	0
2069	1
2070	0
2071	1
2072	0
2073	1
2074	0
2075	0
2076	0
2077	0
2078	1
2079	0
2080	0
2081	0
2082	0
2083	1
2084	0
2085	0
2086	0
2087	1
2088	0
2089	1
2090	1
2091	0
2092	1
2093	0
2094	1
2095	0
2096	1
2097	0
2098	0
2099	1
2100	0
2101	1
2102	1
2103	0
2104	1
2105	1
2106	1
2107	0
2108	0
2109	0
2110	0
2111	0
2112	0
2113	0
2114	1
2115	1
2116	1
2117	1
2118	0
2119	0
2120	1
2121	1
2122	1
2123	1
2124	0
2125	1
2126	1
2127	1
2128	1
2129	0
2130	1
2131	1
2132	0
2133	0
2134	0
2135	1
2136	1
2137	1
2138	1
2139	0
2140	0
2141	0
2142	0
2143	0
2144	0
2145	1
2146	0
2147	0
2148	0
2149	0
2150	0
2151	0
2152	0
2153	0
2154	1
2155	1
2156	0
2157	1
2158	0
2159	0
2160	0
2161	1
2162	1
2163	0
2164	0
2165	1
2166	1
2167	0
2168	1
2169	1
2170	1
2171	1
2172	1
2173	1
2174	0
2175	0
2176	1
2177	0
2178	0
2179	1
2180	0
2181	0
2182	1
2183	0
2184	0
2185	0
2186	1
2187	1
2188	0
2189	0
2190	1
2191	0
2192	1
2193	1
2194	0
2195	0
2196	0
2197	0
2198	0
2199	1
2200	1
2201	1
2202	1
2203	1
2204	0
2205	1
2206	0
2207	0
2208	0
2209	0
2210	0
2211	0
2212	1
2213	1
2214	1
2215	1
2216	0
2217	1
2218	1
2219	1
2220	1
2221	0
2222	0
2223	0
2224	0
2225	0
2226	0
2227	1
2228	1
2229	1
2230	1
2231	1
2232	1
2233	0
2234	1
2235	0
2236	1
2237	0
2238	1
2239	1
2240	1
2241	1
2242	0
2243	0
2244	0
2245	0
2246	0
2247	1
2248	0
2249	0
2250	1
2251	1
2252	1
2253	1
2254	0
2255	0
2256	1
2257	1
2258	0
2259	0
2260	0
2261	1
2262	0
2263	0
2264	0
2265	1
2266	0
2267	1
2268	0
2269	0
2270	0
2271	0
2272	1
2273	1
2274	1
2275	1
2276	0
2277	0
2278	0
2279	1
2280	0
2281	0
2282	0
2283	0
2284	0
2285	0
2286	1
2287	1
2288	0
2289	1
2290	1
2291	0
2292	1
2293	0
2294	0
2295	1
2296	0
2297	0
2298	0
2299	1
2300	0
2301	0
2302	0
2303	1
2304	0
2305	0
2306	1
2307	0
2308	0
2309	0
2310	1
2311	1
2312	1
2313	1
2314	0
2315	1
2316	1
2317	1
2318	0
2319	0
2320	0
2321	0
2322	1
2323	0
2324	1
2325	1
2326	0
2327	0
2328	0
2329	1
2330	0
2331	0
2332	0
2333	0
2334	0
2335	0
2336	0
2337	1
2338	0
2339	0
2340	0
2341	0
2342	0
2343	0
2344	1
2345	1
2346	1
2347	1
2348	0
2349	0
2350	0
2351	0
2352	0
2353	0
2354	1
2355	0
2356	0
2357	1
2358	0
2359	0
2360	1
2361	1
2362	0
2363	0
2364	0
2365	0
2366	0
2367	1
2368	0
2369	1
2370	1
2371	0
2372	0
2373	0
2374	0
2375	1
2376	0
2377	1
2378	0
2379	1
2380	0
2381	0
2382	0
2383	0
2384	1
2385	0
2386	1
2387	0
2388	1
2389	1
2390	0
2391	0
2392	0
2393	0
2394	0
2395	0
2396	1
2397	0
2398	0
2399	0
2400	0
2401	1
2402	0
2403	0
2404	1
2405	1
2406	0
2407	0
2408	1
2409	0
2410	0
2411	0
2412	0
2413	0
2414	0
2415	0
2416	0
2417	1
2418	0
2419	1
2420	1
2421	1
2422	1
2423	0
2424	0
2425	0
2426	0
2427	0
2428	0
2429	1
2430	0
2431	1
2432	0
2433	0
2434	1
2435	0
2436	1
2437	1
2438	1
2439	0
2440	1
2441	1
2442	1
2443	1
2444	0
2445	1
2446	0
2447	0
2448	0
2449	1
2450	0
2451	0
2452	0
2453	0
2454	1
2455	1
2456	0
2457	0
2458	0
2459	0
2460	0
2461	1
2462	0
2463	0
2464	0
2465	0
2466	1
2467	0
2468	0
2469	0
2470	0
2471	1
2472	0
2473	0
2474	1
2475	1
2476	1
2477	0
2478	1
2479	0
2480	0
2481	0
2482	0
2483	0
2484	0
2485	1
2486	0
2487	0
2488	0
2489	1
2490	0
2491	0
2492	0
2493	0
2494	0
2495	0
2496	0
2497	0
2498	0
2499	0
2500	0
2501	0
2502	0
2503	1
2504	1
2505	0
2506	0
2507	0
2508	0
2509	0
2510	1
2511	0
2512	1
2513	1
2514	1
2515	1
2516	0
2517	0
2518	0
2519	1
2520	0
2521	0
2522	1
2523	0
2524	0
2525	1
2526	0
2527	0
2528	0
2529	0
2530	1
2531	1
2532	0
2533	0
2534	0
2535	0
2536	0
2537	0
2538	0
2539	1
2540	0
2541	0
2542	0
2543	0
2544	1
2545	1
2546	1
2547	0
2548	1
2549	0
2550	0
2551	0
2552	1
2553	1
2554	0
2555	0
2556	0
2557	0
2558	1
2559	1
2560	0
2561	1
2562	0
2563	0
2564	0
2565	0
2566	1
2567	1
2568	0
2569	0
2570	0
2571	1
2572	0
2573	0
2574	0
2575	0
2576	0
2577	0
2578	1
2579	1
2580	0
2581	0
2582	1
2583	0
2584	0
2585	0
2586	1
2587	1
2588	1
2589	0
2590	1
2591	0
2592	0
2593	1
2594	0
2595	0
2596	1
2597	0
2598	1
2599	0
2600	0
2601	0
2602	0
2603	0
2604	1
2605	0
2606	0
2607	0
2608	0
2609	0
2610	1
2611	0
2612	0
2613	0
2614	1
2615	0
2616	0
2617	1
2618	1
2619	1
2620	1
2621	0
2622	0
2623	0
2624	0
2625	0
2626	1
2627	0
2628	0
2629	0
2630	0
2631	0
2632	0
2633	1
2634	1
2635	1
2636	1
2637	0
2638	0
2639	0
2640	0
2641	0
2642	1
2643	0
2644	0
2645	0
2646	0
2647	0
2648	0
2649	1
2650	0
2651	0
2652	1
2653	1
2654	0
2655	0
2656	1
2657	1
2658	0
2659	0
2660	0
2661	0
2662	0
2663	0
2664	1
2665	0
2666	0
2667	1
2668	1
2669	1
2670	0
2671	0
2672	1
2673	0
2674	1
2675	1
2676	0
2677	1
2678	0
2679	1
2680	0
2681	0
2682	0
2683	0
2684	0
2685	0
2686	1
2687	0
2688	1
2689	1
2690	1
2691	1
2692	0
2693	0
2694	0
2695	0
2696	0
2697	1
2698	0
2699	1
2700	0
2701	1
2702	0
2703	0
2704	0
2705	0
2706	0
2707	0
2708	1
2709	1
2710	0
2711	0
2712	1
2713	0
2714	0
2715	1
2716	1
2717	0
2718	0
2719	0
2720	0
2721	0
2722	1
2723	1
2724	1
2725	1
2726	0
2727	0
2728	0
2729	1
2730	0
2731	0
2732	0
2733	0
2734	0
2735	0
2736	1
2737	0
2738	0
2739	0
2740	0
2741	0
2742	0
2743	0
2744	1
2745	1
2746	0
2747	1
2748	1
2749	1
2750	0
2751	0
2752	0
2753	1
2754	0
2755	0
2756	0
2757	0
2758	0
2759	1
2760	0
2761	1
2762	0
2763	0
2764	0
2765	0
2766	0
2767	0
2768	1
2769	0
2770	0
2771	0
2772	1
2773	0
2774	0
2775	1
2776	0
2777	1
2778	1
2779	1
2780	1
2781	0
2782	0
2783	0
2784	0
2785	0
2786	0
2787	0
2788	0
2789	0
2790	0
2791	1
2792	0
2793	1
2794	1
2795	1
2796	0
2797	1
2798	0
2799	0
2800	1
2801	1
2802	0
2803	0
2804	0
2805	0
2806	0
2807	0
2808	0
2809	0
2810	1
2811	1
2812	1
2813	1
2814	0
2815	0
2816	0
2817	0
2818	0
2819	0
2820	0
2821	0
2822	0
2823	1
2824	1
2825	0
2826	1
2827	0
2828	1
2829	0
2830	1
2831	0
2832	0
2833	0
2834	0
2835	1
2836	0
2837	0
2838	0
2839	0
2840	0
2841	0
2842	0
2843	1
2844	1
2845	1
2846	0
2847	1
2848	1
2849	0
2850	0
2851	0
2852	0
2853	0
2854	0
2855	0
2856	0
2857	0
2858	1
2859	0
2860	0
2861	1
2862	0
2863	0
2864	1
2865	0
2866	1
2867	1
2868	0
2869	0
2870	0
2871	1
2872	0
2873	1
2874	0
2875	0
2876	1
2877	1
2878	0
2879	0
2880	0
2881	0
2882	1
2883	1
2884	1
2885	0
2886	1
2887	1
2888	0
2889	0
2890	0
2891	0
2892	0
2893	1
2894	0
2895	1
2896	1
2897	1
2898	0
2899	1
2900	0
2901	0
2902	0
2903	0
2904	0
2905	0
2906	0
2907	1
2908	1
2909	1
2910	0
2911	0
2912	1
2913	0
2914	0
2915	1
2916	0
2917	0
2918	1
2919	0
2920	0
2921	0
2922	0
2923	0
2924	0
2925	1
2926	0
2927	0
2928	1
2929	0
2930	0
2931	0
2932	0
2933	0
2934	0
2935	1
2936	0
2937	0
2938	1
2939	1
2940	1
2941	0
2942	0
2943	0
2944	0
2945	0
2946	1
2947	0
2948	0
2949	0
2950	0
2951	0
2952	1
2953	0
2954	0
2955	0
2956	1
2957	1
2958	0
2959	0
2960	1
2961	1
2962	1
2963	0
2964	0
2965	0
2966	0
2967	1
2968	1
2969	1
2970	0
2971	1
2972	1
2973	0
2974	0
2975	0
2976	0
2977	0
2978	1
2979	1
2980	1
2981	0
2982	1
2983	0
2984	1
2985	0
2986	0
2987	0
2988	0
2989	1
2990	1
2991	0
2992	1
2993	0
2994	0
2995	1
2996	0
2997	0
2998	1
2999	0
3000	1
3001	0
3002	1
3003	0
3004	0
3005	0
3006	0
3007	1
3008	0
3009	0
3010	1
3011	1
3012	0
3013	1
3014	1
3015	0
3016	0
3017	0
3018	0
3019	1
3020	0
3021	0
3022	0
3023	1
3024	1
3025	1
3026	0
3027	0
3028	0
3029	0
3030	1
3031	1
3032	1
3033	0
3034	0
3035	1
3036	0
3037	0
3038	0
3039	0
3040	1
3041	1
3042	0
3043	0
3044	1
3045	0
3046	1
3047	1
3048	1
3049	1
3050	1
3051	1
3052	1
3053	1
3054	1
3055	0
3056	1
3057	1
3058	0
3059	1
3060	0
3061	1
3062	0
3063	1
3064	0
3065	1
3066	1
3067	1
3068	1
3069	1
3070	0
3071	0
3072	1
3073	0
3074	0
3075	1
3076	0
3077	1
3078	0
3079	1
3080	1
3081	1
3082	1
3083	0
3084	0
3085	0
3086	1
3087	1
3088	1
3089	0
3090	0
3091	1
3092	1
3093	0
3094	0
3095	0
3096	0
3097	1
3098	0
3099	0
3100	0
3101	0
3102	0
3103	1
3104	1
3105	0
3106	1
3107	1
3108	0
3109	1
3110	0
3111	0
3112	0
3113	0
3114	1
3115	1
3116	0
3117	0
3118	1
3119	1
3120	1
3121	0
3122	0
3123	1
3124	0
3125	0
3126	0
3127	0
3128	1
3129	0
3130	1
3131	1
3132	1
3133	0
3134	0
3135	0
3136	1
3137	1
3138	1
3139	0
3140	0
3141	0
3142	0
3143	0
3144	1
3145	0
3146	0
3147	0
3148	0
3149	1
3150	1
3151	0
3152	1
3153	0
3154	1
3155	1
3156	0
3157	0
3158	0
3159	1
3160	0
3161	0
3162	1
3163	0
3164	1
3165	0
3166	0
3167	0
3168	0
3169	1
3170	0
3171	0
3172	1
3173	0
3174	0
3175	0
3176	0
3177	1
3178	0
3179	0
3180	1
3181	0
3182	0
3183	1
3184	0
3185	0
3186	0
3187	0
3188	1
3189	0
3190	0
3191	0
3192	0
3193	0
3194	1
3195	0
3196	0
3197	0
3198	0
3199	1
3200	0
3201	0
3202	0
3203	0
3204	0
3205	0
3206	1
3207	1
3208	1
3209	1
3210	0
3211	1
3212	0
3213	1
3214	0
3215	0
3216	0
3217	0
3218	1
3219	1
3220	1
3221	0
3222	0
3223	1
3224	0
3225	0
3226	0
3227	0
3228	0
3229	0
3230	0
3231	0
3232	1
3233	0
3234	1
3235	1
3236	1
3237	1
3238	0
3239	1
3240	0
3241	1
3242	0
3243	0
3244	0
3245	0
3246	0
3247	0
3248	0
3249	0
3250	0
3251	0
3252	1
3253	0
3254	0
3255	1
3256	1
3257	0
3258	1
3259	1
3260	1
3261	0
3262	0
3263	0
3264	0
3265	0
3266	0
3267	0
3268	1
3269	1
3270	0
3271	0
3272	1
3273	0
3274	1
3275	1
3276	1
3277	0
3278	0
3279	0
3280	0
3281	0
3282	0
3283	0
3284	0
3285	0
3286	0
3287	0
3288	0
3289	1
3290	0
3291	0
3292	1
3293	0
3294	0
3295	0
3296	0
3297	0
3298	1
3299	1
3300	0
3301	1
3302	1
3303	0
3304	1
3305	0
3306	0
3307	0
3308	1
3309	0
3310	1
3311	1
3312	0
3313	1
3314	1
3315	0
3316	1
3317	0
3318	0
3319	1
3320	0
3321	1
3322	0
3323	0
3324	0
3325	1
3326	0
3327	0
3328	0
3329	1
3330	0
3331	0
3332	1
3333	0
3334	0
3335	1
3336	1
3337	0
3338	0
3339	1
3340	1
3341	0
3342	1
3343	1
3344	0
3345	0
3346	0
3347	1
3348	1
3349	1
3350	0
3351	0
3352	1
3353	0
3354	0
3355	1
3356	1
3357	0
3358	0
3359	0
3360	0
3361	1
3362	0
3363	1
3364	1
3365	0
3366	0
3367	1
3368	0
3369	0
3370	1
3371	1
3372	0
3373	0
3374	1
3375	1
3376	0
3377	1
3378	0
3379	0
3380	1
3381	1
3382	1
3383	0
3384	0
3385	0
3386	0
3387	0
3388	1
3389	0
3390	0
3391	1
3392	0
3393	0
3394	0
3395	1
3396	1
3397	0
3398	0
3399	0
3400	1
3401	0
3402	0
3403	1
3404	0
3405	0
3406	0
3407	0
3408	0
3409	1
3410	0
3411	0
3412	0
3413	0
3414	0
3415	0
3416	0
3417	0
3418	0
3419	0
3420	0
3421	0
3422	0
3423	0
3424	1
3425	1
3426	0
3427	1
3428	1
3429	1
3430	0
3431	1
3432	1
3433	1
3434	0
3435	0
3436	0
3437	0
3438	1
3439	0
3440	0
3441	0
3442	0
3443	0
3444	0
3445	0
3446	0
3447	1
3448	1
3449	0
3450	0
3451	0
3452	0
3453	0
3454	0
3455	0
3456	1
3457	0
3458	1
3459	1
3460	0
3461	0
3462	0
3463	0
3464	0
3465	1
3466	0
3467	0
3468	0
3469	0
3470	0
3471	0
3472	0
3473	1
3474	0
3475	0
3476	0
3477	0
3478	0
3479	1
3480	0
3481	0
3482	1
3483	1
3484	0
3485	0
3486	1
3487	0
3488	1
3489	1
3490	1
3491	0
3492	0
3493	0
3494	0
3495	0
3496	0
3497	0
3498	1
3499	0
3500	0
3501	1
3502	0
3503	1
3504	1
3505	0
3506	1
3507	0
3508	1
3509	0
3510	0
3511	0
3512	0
3513	0
3514	0
3515	0
3516	1
3517	0
3518	1
3519	1
3520	0
3521	1
3522	1
3523	1
3524	1
3525	0
3526	0
3527	0
3528	0
3529	0
3530	0
3531	1
3532	1
3533	0
3534	1
3535	0
3536	1
3537	1
3538	0
3539	0
3540	1
3541	0
3542	1
3543	1
3544	0
3545	0
3546	1
3547	1
3548	0
3549	0
3550	0
3551	0
3552	1
3553	0
3554	0
3555	0
3556	1
3557	0
3558	1
3559	1
3560	0
3561	1
3562	0
3563	1
3564	0
3565	0
3566	1
3567	1
3568	1
3569	1
3570	0
3571	0
3572	0
3573	0
3574	0
3575	0
3576	1
3577	0
3578	0
3579	1
3580	1
3581	0
3582	0
3583	0
3584	0
3585	1
3586	1
3587	1
3588	1
3589	0
3590	1
3591	0
3592	1
3593	1
3594	1
3595	0
3596	1
3597	0
3598	0
3599	1
3600	1
3601	0
3602	0
3603	0
3604	0
3605	0
3606	0
3607	0
3608	1
3609	0
3610	1
3611	1
3612	0
3613	0
3614	0
3615	0
3616	0
3617	1
3618	1
3619	0
3620	0
3621	1
3622	1
3623	0
3624	0
3625	0
3626	1
3627	0
3628	1
3629	0
3630	1
3631	0
3632	0
3633	1
3634	1
3635	0
3636	0
3637	1
3638	0
3639	0
3640	0
3641	0
3642	1
3643	0
3644	1
3645	0
3646	1
3647	0
3648	1
3649	0
3650	1
3651	0
3652	1
3653	0
3654	1
3655	1
3656	0
3657	0
3658	1
3659	0
3660	1
3661	0
3662	1
3663	0
3664	0
3665	0
3666	0
3667	0
3668	0
3669	0
3670	0
3671	0
3672	1
3673	0
3674	1
3675	1
3676	1
3677	1
3678	1
3679	0
3680	0
3681	1
3682	0
3683	1
3684	0
3685	0
3686	0
3687	0
3688	0
3689	0
3690	0
3691	0
3692	0
3693	1
3694	1
3695	1
3696	0
3697	0
3698	0
3699	0
3700	0
3701	0
3702	0
3703	1
3704	1
3705	1
3706	0
3707	1
3708	0
3709	0
3710	0
3711	1
3712	1
3713	1
3714	1
3715	0
3716	1
3717	1
3718	0
3719	1
3720	0
3721	0
3722	0
3723	0
3724	0
3725	0
3726	0
3727	0
3728	0
3729	0
3730	0
3731	1
3732	1
3733	0
3734	1
3735	1
3736	0
3737	0
3738	0
3739	0
3740	0
3741	0
3742	0
3743	1
3744	1
3745	1
3746	0
3747	1
3748	0
3749	1
3750	1
3751	0
3752	0
3753	0
3754	1
3755	1
3756	0
3757	0
3758	0
3759	1
3760	0
3761	0
3762	1
3763	0
3764	0
3765	1
3766	0
3767	0
3768	1
3769	0
3770	0
3771	0
3772	0
3773	0
3774	0
3775	1
3776	1
3777	0
3778	0
3779	0
3780	0
3781	1
3782	1
3783	1
3784	1
3785	0
3786	1
3787	0
3788	1
3789	0
3790	0
3791	1
3792	0
3793	0
3794	1
3795	0
3796	0
3797	0
3798	0
3799	0
3800	0
3801	0
3802	0
3803	1
3804	1
3805	0
3806	0
3807	0
3808	1
3809	1
3810	0
3811	1
3812	1
3813	1
3814	0
3815	0
3816	0
3817	0
3818	0
3819	0
3820	0
3821	0
3822	0
3823	1
3824	1
3825	1
3826	0
3827	0
3828	0
3829	1
3830	1
3831	0
3832	0
3833	1
3834	0
3835	0
3836	1
3837	1
3838	0
3839	1
3840	1
3841	0
3842	0
3843	1
3844	0
3845	1
3846	1
3847	0
3848	1
3849	0
3850	0
3851	0
3852	0
3853	1
3854	0
3855	1
3856	0
3857	1
3858	1
3859	0
3860	0
3861	1
3862	0
3863	0
3864	1
3865	0
3866	1
3867	0
3868	0
3869	1
3870	0
3871	0
3872	0
3873	0
3874	1
3875	1
3876	0
3877	0
3878	1
3879	0
3880	0
3881	1
3882	0
3883	1
3884	0
3885	0
3886	1
3887	1
3888	1
3889	0
3890	0
3891	0
3892	0
3893	0
3894	1
3895	0
3896	1
3897	1
3898	0
3899	0
3900	1
3901	1
3902	0
3903	0
3904	0
3905	0
3906	1
3907	1
3908	0
3909	0
3910	0
3911	0
3912	1
3913	1
3914	0
3915	0
3916	0
3917	0
3918	0
3919	0
3920	1
3921	0
