id	misogynous	aggressiveness
5001	1	0
5002	0	0
5003	0	0
5004	1	0
5005	1	1
5006	0	0
5007	1	0
5008	0	0
5009	0	0
5010	1	1
5011	0	0
5012	1	1
5013	0	0
5014	0	0
5015	1	0
5016	0	0
5017	1	1
5018	0	0
5019	1	1
5020	0	0
5021	1	0
5022	1	1
5023	1	0
5024	1	1
5025	1	1
5026	1	0
5027	1	0
5028	0	0
5029	1	1
5030	1	0
5031	1	1
5032	1	0
5033	0	0
5034	1	1
5035	0	0
5036	1	0
5037	1	1
5038	1	1
5039	0	0
5040	1	0
5041	1	1
5042	1	1
5043	1	0
5044	1	0
5045	1	1
5046	1	1
5047	1	0
5048	1	0
5049	1	1
5050	0	0
5051	0	0
5052	1	0
5053	1	0
5054	0	0
5055	1	1
5056	1	0
5057	0	0
5058	1	0
5059	1	1
5060	1	1
5061	1	1
5062	1	0
5063	0	0
5064	1	0
5065	0	0
5066	1	1
5067	1	0
5068	1	1
5069	1	0
5070	1	0
5071	1	1
5072	1	0
5073	0	0
5074	1	0
5075	1	1
5076	1	1
5077	0	0
5078	1	1
5079	0	0
5080	1	1
5081	0	0
5082	1	1
5083	1	1
5084	1	0
5085	1	1
5086	1	0
5087	0	0
5088	0	0
5089	0	0
5090	1	0
5091	1	1
5092	1	1
5093	1	0
5094	1	1
5095	0	0
5096	1	1
5097	1	0
5098	1	1
5099	1	1
5100	1	1
5101	0	0
5102	1	1
5103	0	0
5104	1	0
5105	1	1
5106	0	0
5107	0	0
5108	1	0
5109	1	1
5110	1	1
5111	0	0
5112	1	1
5113	1	0
5114	0	0
5115	1	0
5116	1	1
5117	1	1
5118	1	0
5119	1	0
5120	1	1
5121	1	0
5122	1	0
5123	1	0
5124	1	0
5125	1	0
5126	1	0
5127	0	0
5128	1	0
5129	0	0
5130	0	0
5131	1	0
5132	1	1
5133	1	1
5134	1	0
5135	1	1
5136	1	1
5137	1	1
5138	1	0
5139	1	0
5140	1	1
5141	1	0
5142	1	1
5143	1	0
5144	1	0
5145	1	0
5146	1	0
5147	0	0
5148	1	1
5149	0	0
5150	1	0
5151	0	0
5152	1	0
5153	0	0
5154	1	0
5155	0	0
5156	1	1
5157	1	1
5158	1	0
5159	1	1
5160	0	0
5161	0	0
5162	0	0
5163	0	0
5164	0	0
5165	0	0
5166	1	0
5167	1	1
5168	1	1
5169	1	0
5170	1	1
5171	1	1
5172	1	1
5173	1	1
5174	0	0
5175	1	1
5176	1	1
5177	1	1
5178	1	1
5179	1	0
5180	1	0
5181	1	1
5182	0	0
5183	0	0
5184	0	0
5185	0	0
5186	1	1
5187	1	1
5188	1	1
5189	1	0
5190	1	0
5191	1	1
5192	1	0
5193	0	0
5194	1	0
5195	1	1
5196	1	0
5197	1	0
5198	1	1
5199	1	1
5200	1	0
5201	1	1
5202	1	1
5203	0	0
5204	0	0
5205	1	0
5206	0	0
5207	1	1
5208	1	0
5209	0	0
5210	1	1
5211	1	1
5212	0	0
5213	1	1
5214	0	0
5215	0	0
5216	1	1
5217	0	0
5218	1	0
5219	0	0
5220	0	0
5221	1	0
5222	1	0
5223	1	1
5224	1	0
5225	0	0
5226	0	0
5227	0	0
5228	1	1
5229	0	0
5230	1	0
5231	1	1
5232	1	0
5233	1	0
5234	1	0
5235	1	1
5236	1	1
5237	1	1
5238	1	1
5239	1	1
5240	0	0
5241	1	1
5242	1	1
5243	0	0
5244	0	0
5245	1	0
5246	1	1
5247	1	1
5248	1	1
5249	1	1
5250	1	1
5251	1	0
5252	0	0
5253	1	1
5254	0	0
5255	1	0
5256	1	1
5257	1	0
5258	1	1
5259	1	1
5260	1	1
5261	1	0
5262	1	1
5263	1	1
5264	1	1
5265	1	1
5266	1	0
5267	1	0
5268	1	0
5269	0	0
5270	1	1
5271	1	1
5272	1	1
5273	0	0
5274	1	1
5275	1	0
5276	1	1
5277	1	1
5278	0	0
5279	1	1
5280	0	0
5281	0	0
5282	0	0
5283	1	0
5284	1	0
5285	1	0
5286	1	1
5287	1	0
5288	1	0
5289	1	1
5290	0	0
5291	1	1
5292	0	0
5293	1	0
5294	1	1
5295	1	1
5296	1	1
5297	0	0
5298	1	1
5299	1	1
5300	1	0
5301	0	0
5302	1	1
5303	1	1
5304	1	0
5305	1	1
5306	0	0
5307	1	1
5308	0	0
5309	1	1
5310	0	0
5311	0	0
5312	0	0
5313	0	0
5314	1	1
5315	1	0
5316	1	0
5317	1	0
5318	0	0
5319	0	0
5320	0	0
5321	0	0
5322	1	1
5323	1	1
5324	1	1
5325	1	1
5326	0	0
5327	1	0
5328	1	1
5329	1	1
5330	1	0
5331	0	0
5332	1	0
5333	0	0
5334	1	1
5335	1	1
5336	1	0
5337	1	0
5338	0	0
5339	1	1
5340	1	1
5341	1	1
5342	1	0
5343	1	0
5344	1	0
5345	1	1
5346	1	1
5347	0	0
5348	1	0
5349	1	1
5350	0	0
5351	1	1
5352	1	1
5353	1	1
5354	1	1
5355	1	0
5356	1	1
5357	0	0
5358	1	0
5359	1	1
5360	1	0
5361	1	1
5362	0	0
5363	1	1
5364	1	1
5365	1	0
5366	1	1
5367	0	0
5368	1	1
5369	1	1
5370	1	1
5371	1	1
5372	1	1
5373	1	0
5374	1	0
5375	1	0
5376	0	0
5377	1	1
5378	0	0
5379	0	0
5380	1	0
5381	1	1
5382	1	1
5383	0	0
5384	1	1
5385	0	0
5386	1	1
5387	0	0
5388	1	1
5389	1	0
5390	0	0
5391	1	1
5392	1	1
5393	1	0
5394	1	0
5395	1	0
5396	1	1
5397	1	1
5398	1	1
5399	1	1
5400	1	0
5401	1	1
5402	1	1
5403	0	0
5404	0	0
5405	0	0
5406	0	0
5407	0	0
5408	1	1
5409	1	1
5410	0	0
5411	0	0
5412	0	0
5413	1	0
5414	1	1
5415	0	0
5416	0	0
5417	1	1
5418	0	0
5419	1	0
5420	1	1
5421	1	1
5422	0	0
5423	1	1
5424	1	0
5425	1	1
5426	1	0
5427	1	0
5428	1	0
5429	0	0
5430	1	1
5431	1	1
5432	1	0
5433	1	1
5434	1	0
5435	0	0
5436	1	1
5437	0	0
5438	0	0
5439	1	1
5440	1	0
5441	1	1
5442	0	0
5443	0	0
5444	1	1
5445	1	1
5446	0	0
5447	1	1
5448	1	1
5449	0	0
5450	0	0
5451	0	0
5452	1	0
5453	1	1
5454	1	0
5455	1	1
5456	0	0
5457	1	0
5458	0	0
5459	0	0
5460	1	0
5461	1	1
5462	1	0
5463	1	0
5464	0	0
5465	1	1
5466	1	1
5467	1	1
5468	1	1
5469	0	0
5470	1	1
5471	1	1
5472	1	0
5473	0	0
5474	1	0
5475	1	0
5476	1	1
5477	1	1
5478	1	1
5479	1	1
5480	1	0
5481	1	1
5482	1	1
5483	1	0
5484	1	1
5485	1	0
5486	1	1
5487	1	0
5488	1	1
5489	1	0
5490	1	1
5491	1	0
5492	0	0
5493	1	1
5494	1	0
5495	1	0
5496	1	1
5497	1	1
5498	1	1
5499	1	0
5500	1	0
5501	0	0
5502	1	1
5503	1	1
5504	0	0
5505	1	0
5506	1	0
5507	0	0
5508	1	0
5509	0	0
5510	1	0
5511	1	1
5512	0	0
5513	1	0
5514	1	1
5515	1	0
5516	1	0
5517	1	1
5518	1	0
5519	0	0
5520	1	1
5521	0	0
5522	0	0
5523	1	0
5524	1	0
5525	1	1
5526	0	0
5527	1	1
5528	1	1
5529	1	0
5530	1	1
5531	1	0
5532	1	0
5533	1	0
5534	1	1
5535	0	0
5536	0	0
5537	1	1
5538	1	1
5539	0	0
5540	1	0
5541	1	1
5542	1	0
5543	1	1
5544	1	1
5545	1	1
5546	0	0
5547	1	0
5548	0	0
5549	0	0
5550	1	0
5551	1	1
5552	1	1
5553	1	1
5554	1	0
5555	0	0
5556	0	0
5557	1	1
5558	0	0
5559	0	0
5560	1	1
5561	1	1
5562	1	0
5563	0	0
5564	0	0
5565	1	1
5566	1	1
5567	1	1
5568	0	0
5569	1	1
5570	0	0
5571	1	1
5572	1	0
5573	0	0
5574	1	0
5575	0	0
5576	0	0
5577	1	1
5578	1	0
5579	1	0
5580	0	0
5581	1	1
5582	1	0
5583	1	0
5584	1	1
5585	0	0
5586	1	1
5587	0	0
5588	1	0
5589	1	1
5590	1	1
5591	1	1
5592	0	0
5593	1	0
5594	0	0
5595	1	0
5596	1	1
5597	1	0
5598	1	1
5599	0	0
5600	1	0
5601	1	1
5602	1	0
5603	0	0
5604	1	1
5605	1	0
5606	0	0
5607	1	1
5608	1	1
5609	0	0
5610	1	1
5611	1	1
5612	1	0
5613	1	1
5614	0	0
5615	0	0
5616	1	0
5617	1	1
5618	0	0
5619	0	0
5620	1	1
5621	0	0
5622	1	1
5623	1	1
5624	0	0
5625	1	1
5626	1	0
5627	1	1
5628	1	1
5629	1	0
5630	1	1
5631	0	0
5632	1	1
5633	1	1
5634	0	0
5635	0	0
5636	1	1
5637	1	1
5638	1	1
5639	1	1
5640	0	0
5641	1	1
5642	0	0
5643	1	0
5644	0	0
5645	1	1
5646	1	1
5647	0	0
5648	0	0
5649	1	0
5650	0	0
5651	1	1
5652	1	0
5653	0	0
5654	0	0
5655	1	1
5656	1	1
5657	0	0
5658	0	0
5659	1	1
5660	1	0
5661	0	0
5662	1	0
5663	1	0
5664	0	0
5665	1	1
5666	1	1
5667	1	1
5668	1	1
5669	1	1
5670	1	0
5671	0	0
5672	0	0
5673	0	0
5674	0	0
5675	1	1
5676	1	0
5677	1	0
5678	1	1
5679	0	0
5680	1	1
5681	0	0
5682	0	0
5683	1	1
5684	0	0
5685	1	1
5686	1	1
5687	1	1
5688	1	0
5689	1	1
5690	1	0
5691	1	1
5692	0	0
5693	1	0
5694	0	0
5695	1	0
5696	1	0
5697	1	1
5698	1	1
5699	1	1
5700	1	1
5701	1	0
5702	0	0
5703	0	0
5704	1	0
5705	0	0
5706	1	0
5707	1	1
5708	0	0
5709	1	0
5710	1	1
5711	0	0
5712	0	0
5713	1	1
5714	1	1
5715	1	1
5716	1	1
5717	1	1
5718	0	0
5719	1	0
5720	0	0
5721	1	0
5722	1	1
5723	0	0
5724	1	1
5725	1	0
5726	1	0
5727	1	0
5728	1	1
5729	1	1
5730	1	1
5731	1	1
5732	1	0
5733	1	0
5734	0	0
5735	0	0
5736	0	0
5737	0	0
5738	1	0
5739	0	0
5740	1	1
5741	0	0
5742	1	1
5743	0	0
5744	0	0
5745	1	1
5746	1	0
5747	0	0
5748	0	0
5749	1	0
5750	1	1
5751	1	0
5752	1	0
5753	0	0
5754	1	1
5755	0	0
5756	0	0
5757	1	1
5758	1	0
5759	1	1
5760	1	1
5761	1	1
5762	0	0
5763	1	1
5764	0	0
5765	0	0
5766	1	0
5767	1	1
5768	1	1
5769	0	0
5770	1	1
5771	1	1
5772	0	0
5773	1	1
5774	1	0
5775	1	1
5776	0	0
5777	0	0
5778	1	0
5779	1	1
5780	1	1
5781	0	0
5782	0	0
5783	1	1
5784	1	0
5785	1	1
5786	1	0
5787	0	0
5788	0	0
5789	1	0
5790	1	0
5791	0	0
5792	0	0
5793	0	0
5794	1	0
5795	0	0
5796	0	0
5797	0	0
5798	0	0
5799	1	0
5800	0	0
5801	1	0
5802	1	1
5803	0	0
5804	1	0
5805	1	1
5806	1	1
5807	1	1
5808	1	1
5809	0	0
5810	1	1
5811	0	0
5812	1	1
5813	0	0
5814	0	0
5815	1	1
5816	1	1
5817	0	0
5818	0	0
5819	1	0
5820	1	0
5821	0	0
5822	1	0
5823	0	0
5824	1	1
5825	1	1
5826	0	0
5827	0	0
5828	1	1
5829	1	1
5830	0	0
5831	1	1
5832	1	1
5833	0	0
5834	1	1
5835	1	1
5836	0	0
5837	1	1
5838	0	0
5839	1	0
5840	0	0
5841	0	0
5842	1	1
5843	1	0
5844	1	0
5845	0	0
5846	0	0
5847	0	0
5848	1	1
5849	0	0
5850	1	1
5851	1	0
5852	1	1
5853	1	0
5854	1	1
5855	1	0
5856	1	1
5857	1	0
5858	1	1
5859	1	0
5860	0	0
5861	1	1
5862	1	0
5863	1	0
5864	1	1
5865	1	1
5866	0	0
5867	1	1
5868	1	1
5869	1	1
5870	1	1
5871	1	0
5872	1	1
5873	0	0
5874	1	0
5875	1	1
5876	0	0
5877	1	1
5878	0	0
5879	1	0
5880	1	1
5881	1	1
5882	0	0
5883	1	0
5884	1	1
5885	1	0
5886	0	0
5887	0	0
5888	1	1
5889	0	0
5890	1	0
5891	1	0
5892	1	0
5893	1	0
5894	0	0
5895	1	0
5896	1	0
5897	0	0
5898	0	0
5899	1	0
5900	0	0
5901	1	1
5902	1	0
5903	1	1
5904	1	0
5905	1	1
5906	1	1
5907	0	0
5908	1	0
5909	1	0
5910	1	1
5911	0	0
5912	1	1
5913	1	1
5914	1	0
5915	1	0
5916	1	1
5917	0	0
5918	0	0
5919	1	1
5920	1	0
5921	1	1
5922	1	0
5923	0	0
5924	0	0
5925	1	0
5926	1	1
5927	0	0
5928	1	0
5929	1	0
5930	1	0
5931	1	0
5932	1	0
5933	1	0
5934	1	1
5935	1	1
5936	1	0
5937	1	0
5938	1	0
5939	1	0
5940	1	0
5941	0	0
5942	1	0
5943	0	0
5944	0	0
5945	1	1
5946	1	0
5947	0	0
5948	1	0
5949	1	0
5950	0	0
5951	0	0
5952	0	0
5953	1	0
5954	1	0
5955	1	1
5956	1	0
5957	1	1
5958	0	0
5959	0	0
5960	0	0
5961	1	1
5962	1	0
5963	1	0
5964	0	0
5965	0	0
5966	1	1
5967	1	1
5968	1	0
5969	1	0
5970	1	0
5971	1	0
5972	1	0
5973	1	0
5974	0	0
5975	1	1
5976	1	0
5977	1	1
5978	1	0
5979	1	1
5980	1	1
5981	0	0
5982	1	0
5983	0	0
5984	0	0
5985	1	0
5986	0	0
5987	1	1
5988	0	0
5989	1	1
5990	1	0
5991	1	1
5992	0	0
5993	1	1
5994	1	1
5995	1	0
5996	1	1
5997	1	0
5998	1	0
5999	1	0
6000	0	0
