id	misogynous
5001	1
5002	0
5003	0
5004	0
5005	1
5006	1
5007	0
5008	0
5009	0
5010	1
5011	1
5012	1
5013	0
5014	1
5015	1
5016	0
5017	1
5018	0
5019	0
5020	0
5021	0
5022	1
5023	1
5024	1
5025	1
5026	1
5027	0
5028	0
5029	0
5030	1
5031	1
5032	1
5033	1
5034	1
5035	0
5036	1
5037	1
5038	0
5039	0
5040	0
5041	1
5042	1
5043	1
5044	1
5045	1
5046	1
5047	1
5048	1
5049	1
5050	0
5051	0
5052	0
5053	0
5054	1
5055	1
5056	1
5057	0
5058	1
5059	1
5060	1
5061	1
5062	1
5063	0
5064	1
5065	0
5066	1
5067	0
5068	1
5069	1
5070	1
5071	1
5072	1
5073	0
5074	0
5075	1
5076	1
5077	1
5078	1
5079	0
5080	1
5081	0
5082	1
5083	1
5084	1
5085	1
5086	0
5087	0
5088	0
5089	0
5090	1
5091	1
5092	1
5093	0
5094	1
5095	0
5096	1
5097	0
5098	0
5099	0
5100	1
5101	0
5102	1
5103	0
5104	1
5105	1
5106	0
5107	0
5108	0
5109	1
5110	0
5111	0
5112	0
5113	1
5114	0
5115	0
5116	1
5117	1
5118	1
5119	0
5120	1
5121	1
5122	1
5123	0
5124	1
5125	1
5126	0
5127	1
5128	1
5129	0
5130	1
5131	0
5132	0
5133	0
5134	1
5135	1
5136	1
5137	1
5138	1
5139	1
5140	1
5141	1
5142	1
5143	1
5144	0
5145	0
5146	0
5147	1
5148	1
5149	1
5150	1
5151	0
5152	0
5153	0
5154	1
5155	1
5156	1
5157	1
5158	0
5159	1
5160	0
5161	0
5162	0
5163	1
5164	0
5165	0
5166	1
5167	1
5168	1
5169	1
5170	1
5171	1
5172	0
5173	1
5174	0
5175	1
5176	1
5177	1
5178	0
5179	1
5180	1
5181	1
5182	0
5183	0
5184	0
5185	0
5186	1
5187	1
5188	1
5189	1
5190	0
5191	1
5192	1
5193	0
5194	1
5195	1
5196	1
5197	1
5198	1
5199	1
5200	1
5201	1
5202	0
5203	0
5204	1
5205	1
5206	0
5207	1
5208	0
5209	1
5210	1
5211	1
5212	1
5213	1
5214	0
5215	1
5216	1
5217	1
5218	1
5219	0
5220	0
5221	1
5222	0
5223	1
5224	0
5225	0
5226	0
5227	0
5228	1
5229	0
5230	0
5231	1
5232	1
5233	1
5234	0
5235	1
5236	1
5237	1
5238	0
5239	1
5240	0
5241	1
5242	1
5243	1
5244	0
5245	1
5246	0
5247	1
5248	1
5249	1
5250	0
5251	1
5252	0
5253	1
5254	0
5255	1
5256	1
5257	1
5258	0
5259	0
5260	0
5261	0
5262	1
5263	1
5264	1
5265	1
5266	0
5267	1
5268	0
5269	0
5270	1
5271	1
5272	1
5273	1
5274	1
5275	1
5276	1
5277	1
5278	0
5279	1
5280	1
5281	0
5282	0
5283	0
5284	1
5285	1
5286	1
5287	0
5288	1
5289	1
5290	0
5291	1
5292	0
5293	1
5294	1
5295	1
5296	1
5297	0
5298	1
5299	1
5300	1
5301	1
5302	1
5303	0
5304	1
5305	1
5306	0
5307	0
5308	0
5309	1
5310	0
5311	0
5312	1
5313	0
5314	1
5315	1
5316	1
5317	0
5318	0
5319	1
5320	0
5321	0
5322	1
5323	1
5324	1
5325	0
5326	0
5327	1
5328	1
5329	1
5330	0
5331	1
5332	0
5333	0
5334	0
5335	1
5336	1
5337	1
5338	0
5339	1
5340	1
5341	1
5342	1
5343	0
5344	1
5345	1
5346	0
5347	1
5348	1
5349	1
5350	0
5351	1
5352	1
5353	1
5354	1
5355	1
5356	1
5357	0
5358	1
5359	1
5360	0
5361	0
5362	0
5363	0
5364	1
5365	1
5366	1
5367	0
5368	1
5369	1
5370	1
5371	1
5372	0
5373	1
5374	1
5375	1
5376	0
5377	1
5378	1
5379	1
5380	0
5381	1
5382	1
5383	0
5384	1
5385	0
5386	1
5387	0
5388	1
5389	1
5390	0
5391	1
5392	1
5393	0
5394	1
5395	0
5396	0
5397	1
5398	1
5399	0
5400	1
5401	1
5402	1
5403	0
5404	0
5405	0
5406	1
5407	0
5408	1
5409	1
5410	1
5411	0
5412	1
5413	1
5414	0
5415	1
5416	0
5417	1
5418	1
5419	1
5420	1
5421	1
5422	0
5423	1
5424	1
5425	1
5426	1
5427	1
5428	0
5429	0
5430	1
5431	0
5432	1
5433	1
5434	1
5435	1
5436	1
5437	0
5438	0
5439	0
5440	0
5441	1
5442	1
5443	1
5444	1
5445	1
5446	0
5447	1
5448	1
5449	1
5450	0
5451	1
5452	1
5453	1
5454	0
5455	1
5456	0
5457	0
5458	0
5459	0
5460	1
5461	1
5462	1
5463	1
5464	0
5465	1
5466	1
5467	1
5468	1
5469	0
5470	0
5471	1
5472	1
5473	0
5474	1
5475	1
5476	0
5477	0
5478	1
5479	0
5480	0
5481	1
5482	1
5483	1
5484	1
5485	0
5486	0
5487	1
5488	1
5489	1
5490	0
5491	1
5492	0
5493	0
5494	1
5495	1
5496	1
5497	1
5498	1
5499	1
5500	0
5501	0
5502	1
5503	0
5504	0
5505	1
5506	1
5507	0
5508	1
5509	0
5510	0
5511	1
5512	0
5513	1
5514	1
5515	1
5516	0
5517	1
5518	1
5519	0
5520	1
5521	1
5522	0
5523	0
5524	1
5525	0
5526	0
5527	1
5528	1
5529	0
5530	1
5531	1
5532	1
5533	1
5534	1
5535	0
5536	1
5537	1
5538	1
5539	0
5540	1
5541	1
5542	1
5543	1
5544	1
5545	1
5546	0
5547	1
5548	0
5549	0
5550	1
5551	1
5552	1
5553	0
5554	0
5555	1
5556	0
5557	1
5558	0
5559	1
5560	1
5561	1
5562	1
5563	0
5564	0
5565	1
5566	1
5567	1
5568	0
5569	1
5570	0
5571	1
5572	1
5573	1
5574	1
5575	1
5576	0
5577	1
5578	1
5579	1
5580	0
5581	1
5582	1
5583	0
5584	1
5585	1
5586	1
5587	0
5588	0
5589	1
5590	0
5591	1
5592	0
5593	1
5594	0
5595	0
5596	1
5597	1
5598	0
5599	0
5600	0
5601	0
5602	1
5603	1
5604	1
5605	1
5606	0
5607	0
5608	1
5609	0
5610	0
5611	1
5612	1
5613	1
5614	0
5615	0
5616	0
5617	1
5618	0
5619	0
5620	1
5621	1
5622	1
5623	1
5624	0
5625	1
5626	0
5627	1
5628	1
5629	0
5630	0
5631	0
5632	1
5633	1
5634	1
5635	0
5636	1
5637	1
5638	1
5639	1
5640	0
5641	1
5642	1
5643	1
5644	0
5645	1
5646	1
5647	0
5648	1
5649	1
5650	0
5651	1
5652	1
5653	0
5654	0
5655	1
5656	0
5657	0
5658	0
5659	1
5660	1
5661	0
5662	0
5663	0
5664	0
5665	0
5666	1
5667	0
5668	0
5669	1
5670	1
5671	0
5672	0
5673	0
5674	0
5675	1
5676	1
5677	1
5678	0
5679	1
5680	1
5681	1
5682	0
5683	1
5684	1
5685	1
5686	1
5687	1
5688	0
5689	0
5690	0
5691	1
5692	0
5693	1
5694	0
5695	0
5696	1
5697	1
5698	1
5699	1
5700	1
5701	0
5702	0
5703	1
5704	0
5705	0
5706	1
5707	1
5708	0
5709	0
5710	1
5711	0
5712	0
5713	0
5714	1
5715	0
5716	1
5717	1
5718	0
5719	0
5720	0
5721	1
5722	1
5723	0
5724	1
5725	1
5726	1
5727	0
5728	1
5729	1
5730	1
5731	1
5732	1
5733	0
5734	0
5735	0
5736	0
5737	0
5738	1
5739	0
5740	1
5741	0
5742	1
5743	0
5744	0
5745	1
5746	0
5747	0
5748	1
5749	0
5750	1
5751	1
5752	0
5753	1
5754	1
5755	0
5756	1
5757	0
5758	1
5759	1
5760	1
5761	1
5762	0
5763	1
5764	0
5765	0
5766	0
5767	1
5768	0
5769	0
5770	1
5771	1
5772	0
5773	1
5774	0
5775	0
5776	0
5777	0
5778	1
5779	1
5780	1
5781	0
5782	0
5783	1
5784	0
5785	1
5786	1
5787	0
5788	0
5789	0
5790	1
5791	1
5792	0
5793	0
5794	0
5795	0
5796	0
5797	0
5798	0
5799	1
5800	0
5801	1
5802	1
5803	0
5804	0
5805	1
5806	1
5807	1
5808	0
5809	0
5810	0
5811	0
5812	1
5813	0
5814	0
5815	1
5816	1
5817	0
5818	0
5819	0
5820	1
5821	0
5822	0
5823	0
5824	1
5825	1
5826	1
5827	0
5828	1
5829	1
5830	0
5831	1
5832	0
5833	0
5834	1
5835	1
5836	0
5837	0
5838	1
5839	1
5840	0
5841	0
5842	0
5843	0
5844	0
5845	0
5846	1
5847	0
5848	1
5849	0
5850	1
5851	1
5852	0
5853	1
5854	1
5855	0
5856	0
5857	1
5858	1
5859	1
5860	0
5861	1
5862	1
5863	1
5864	1
5865	1
5866	0
5867	1
5868	1
5869	1
5870	0
5871	1
5872	1
5873	0
5874	1
5875	1
5876	0
5877	1
5878	1
5879	1
5880	1
5881	1
5882	1
5883	0
5884	1
5885	0
5886	0
5887	1
5888	1
5889	0
5890	0
5891	0
5892	1
5893	0
5894	0
5895	0
5896	1
5897	0
5898	1
5899	1
5900	0
5901	1
5902	0
5903	0
5904	1
5905	1
5906	1
5907	0
5908	0
5909	0
5910	1
5911	0
5912	1
5913	0
5914	0
5915	1
5916	1
5917	0
5918	0
5919	0
5920	1
5921	1
5922	1
5923	0
5924	0
5925	0
5926	1
5927	1
5928	1
5929	1
5930	0
5931	0
5932	0
5933	0
5934	0
5935	1
5936	1
5937	0
5938	0
5939	1
5940	1
5941	1
5942	1
5943	1
5944	1
5945	1
5946	1
5947	1
5948	0
5949	1
5950	1
5951	0
5952	0
5953	0
5954	1
5955	1
5956	0
5957	0
5958	0
5959	0
5960	1
5961	1
5962	0
5963	0
5964	0
5965	1
5966	1
5967	1
5968	1
5969	1
5970	1
5971	1
5972	0
5973	1
5974	1
5975	1
5976	1
5977	1
5978	1
5979	1
5980	1
5981	0
5982	0
5983	0
5984	0
5985	1
5986	0
5987	1
5988	1
5989	1
5990	1
5991	1
5992	0
5993	1
5994	1
5995	1
5996	1
5997	1
5998	0
5999	1
6000	0
